ply
format ascii 1.0
comment Fichier PLY pour hypersphère
element vertices 125
property float x
property float y
property float z
property float w
element edges 2745
property int v1
property int v2
end_header
1.0 0.0 0.0 0.0
1.0 0.0 0.0 0.0
1.0 0.0 0.0 0.0
1.0 0.0 -0.0 0.0
1.0 0.0 -0.0 0.0
1.0 0.0 0.0 0.0
1.0 0.0 0.0 0.0
1.0 0.0 0.0 0.0
1.0 0.0 -0.0 0.0
1.0 0.0 -0.0 0.0
1.0 0.0 0.0 0.0
1.0 0.0 0.0 0.0
1.0 0.0 0.0 0.0
1.0 0.0 -0.0 0.0
1.0 0.0 -0.0 0.0
1.0 -0.0 0.0 0.0
1.0 -0.0 0.0 0.0
1.0 -0.0 0.0 0.0
1.0 -0.0 -0.0 0.0
1.0 -0.0 -0.0 0.0
1.0 -0.0 0.0 0.0
1.0 -0.0 0.0 0.0
1.0 -0.0 0.0 0.0
1.0 -0.0 -0.0 0.0
1.0 -0.0 -0.0 0.0
0.7071067811865476 0.7071067811865475 0.0 0.0
0.7071067811865476 0.7071067811865475 0.0 0.0
0.7071067811865476 0.7071067811865475 0.0 0.0
0.7071067811865476 0.7071067811865475 -0.0 0.0
0.7071067811865476 0.7071067811865475 -0.0 0.0
0.7071067811865476 0.5 0.4999999999999999 0.0
0.7071067811865476 0.5 0.35355339059327373 0.3535533905932737
0.7071067811865476 0.5 3.0616169978683824E-17 0.4999999999999999
0.7071067811865476 0.5 -0.3535533905932737 0.35355339059327373
0.7071067811865476 0.5 -0.4999999999999999 6.123233995736765E-17
0.7071067811865476 4.329780281177466E-17 0.7071067811865475 0.0
0.7071067811865476 4.329780281177466E-17 0.5 0.4999999999999999
0.7071067811865476 4.329780281177466E-17 4.329780281177466E-17 0.7071067811865475
0.7071067811865476 4.329780281177466E-17 -0.4999999999999999 0.5
0.7071067811865476 4.329780281177466E-17 -0.7071067811865475 8.659560562354932E-17
0.7071067811865476 -0.4999999999999999 0.5 0.0
0.7071067811865476 -0.4999999999999999 0.3535533905932738 0.35355339059327373
0.7071067811865476 -0.4999999999999999 3.061616997868383E-17 0.5
0.7071067811865476 -0.4999999999999999 -0.35355339059327373 0.3535533905932738
0.7071067811865476 -0.4999999999999999 -0.5 6.123233995736766E-17
0.7071067811865476 -0.7071067811865475 8.659560562354932E-17 0.0
0.7071067811865476 -0.7071067811865475 6.123233995736766E-17 6.123233995736765E-17
0.7071067811865476 -0.7071067811865475 5.302451562355311E-33 8.659560562354932E-17
0.7071067811865476 -0.7071067811865475 -6.123233995736765E-17 6.123233995736766E-17
0.7071067811865476 -0.7071067811865475 -8.659560562354932E-17 1.0604903124710622E-32
6.123233995736766E-17 1.0 0.0 0.0
6.123233995736766E-17 1.0 0.0 0.0
6.123233995736766E-17 1.0 0.0 0.0
6.123233995736766E-17 1.0 -0.0 0.0
6.123233995736766E-17 1.0 -0.0 0.0
6.123233995736766E-17 0.7071067811865476 0.7071067811865475 0.0
6.123233995736766E-17 0.7071067811865476 0.5 0.4999999999999999
6.123233995736766E-17 0.7071067811865476 4.329780281177466E-17 0.7071067811865475
6.123233995736766E-17 0.7071067811865476 -0.4999999999999999 0.5
6.123233995736766E-17 0.7071067811865476 -0.7071067811865475 8.659560562354932E-17
6.123233995736766E-17 6.123233995736766E-17 1.0 0.0
6.123233995736766E-17 6.123233995736766E-17 0.7071067811865476 0.7071067811865475
6.123233995736766E-17 6.123233995736766E-17 6.123233995736766E-17 1.0
6.123233995736766E-17 6.123233995736766E-17 -0.7071067811865475 0.7071067811865476
6.123233995736766E-17 6.123233995736766E-17 -1.0 1.2246467991473532E-16
6.123233995736766E-17 -0.7071067811865475 0.7071067811865476 0.0
6.123233995736766E-17 -0.7071067811865475 0.5000000000000001 0.5
6.123233995736766E-17 -0.7071067811865475 4.329780281177467E-17 0.7071067811865476
6.123233995736766E-17 -0.7071067811865475 -0.5 0.5000000000000001
6.123233995736766E-17 -0.7071067811865475 -0.7071067811865476 8.659560562354934E-17
6.123233995736766E-17 -1.0 1.2246467991473532E-16 0.0
6.123233995736766E-17 -1.0 8.659560562354934E-17 8.659560562354932E-17
6.123233995736766E-17 -1.0 7.498798913309288E-33 1.2246467991473532E-16
6.123233995736766E-17 -1.0 -8.659560562354932E-17 8.659560562354934E-17
6.123233995736766E-17 -1.0 -1.2246467991473532E-16 1.4997597826618576E-32
-0.7071067811865475 0.7071067811865476 0.0 0.0
-0.7071067811865475 0.7071067811865476 0.0 0.0
-0.7071067811865475 0.7071067811865476 0.0 0.0
-0.7071067811865475 0.7071067811865476 -0.0 0.0
-0.7071067811865475 0.7071067811865476 -0.0 0.0
-0.7071067811865475 0.5000000000000001 0.5 0.0
-0.7071067811865475 0.5000000000000001 0.3535533905932738 0.35355339059327373
-0.7071067811865475 0.5000000000000001 3.061616997868383E-17 0.5
-0.7071067811865475 0.5000000000000001 -0.35355339059327373 0.3535533905932738
-0.7071067811865475 0.5000000000000001 -0.5 6.123233995736766E-17
-0.7071067811865475 4.329780281177467E-17 0.7071067811865476 0.0
-0.7071067811865475 4.329780281177467E-17 0.5000000000000001 0.5
-0.7071067811865475 4.329780281177467E-17 4.329780281177467E-17 0.7071067811865476
-0.7071067811865475 4.329780281177467E-17 -0.5 0.5000000000000001
-0.7071067811865475 4.329780281177467E-17 -0.7071067811865476 8.659560562354934E-17
-0.7071067811865475 -0.5 0.5000000000000001 0.0
-0.7071067811865475 -0.5 0.35355339059327384 0.3535533905932738
-0.7071067811865475 -0.5 3.0616169978683836E-17 0.5000000000000001
-0.7071067811865475 -0.5 -0.3535533905932738 0.35355339059327384
-0.7071067811865475 -0.5 -0.5000000000000001 6.123233995736767E-17
-0.7071067811865475 -0.7071067811865476 8.659560562354934E-17 0.0
-0.7071067811865475 -0.7071067811865476 6.123233995736767E-17 6.123233995736766E-17
-0.7071067811865475 -0.7071067811865476 5.302451562355312E-33 8.659560562354934E-17
-0.7071067811865475 -0.7071067811865476 -6.123233995736766E-17 6.123233995736767E-17
-0.7071067811865475 -0.7071067811865476 -8.659560562354934E-17 1.0604903124710624E-32
-1.0 1.2246467991473532E-16 0.0 0.0
-1.0 1.2246467991473532E-16 0.0 0.0
-1.0 1.2246467991473532E-16 0.0 0.0
-1.0 1.2246467991473532E-16 -0.0 0.0
-1.0 1.2246467991473532E-16 -0.0 0.0
-1.0 8.659560562354934E-17 8.659560562354932E-17 0.0
-1.0 8.659560562354934E-17 6.123233995736766E-17 6.123233995736765E-17
-1.0 8.659560562354934E-17 5.302451562355311E-33 8.659560562354932E-17
-1.0 8.659560562354934E-17 -6.123233995736765E-17 6.123233995736766E-17
-1.0 8.659560562354934E-17 -8.659560562354932E-17 1.0604903124710622E-32
-1.0 7.498798913309288E-33 1.2246467991473532E-16 0.0
-1.0 7.498798913309288E-33 8.659560562354934E-17 8.659560562354932E-17
-1.0 7.498798913309288E-33 7.498798913309288E-33 1.2246467991473532E-16
-1.0 7.498798913309288E-33 -8.659560562354932E-17 8.659560562354934E-17
-1.0 7.498798913309288E-33 -1.2246467991473532E-16 1.4997597826618576E-32
-1.0 -8.659560562354932E-17 8.659560562354934E-17 0.0
-1.0 -8.659560562354932E-17 6.123233995736767E-17 6.123233995736766E-17
-1.0 -8.659560562354932E-17 5.302451562355312E-33 8.659560562354934E-17
-1.0 -8.659560562354932E-17 -6.123233995736766E-17 6.123233995736767E-17
-1.0 -8.659560562354932E-17 -8.659560562354934E-17 1.0604903124710624E-32
-1.0 -1.2246467991473532E-16 1.4997597826618576E-32 0.0
-1.0 -1.2246467991473532E-16 1.0604903124710623E-32 1.0604903124710622E-32
-1.0 -1.2246467991473532E-16 9.18338008663387E-49 1.4997597826618576E-32
-1.0 -1.2246467991473532E-16 -1.0604903124710622E-32 1.0604903124710623E-32
-1.0 -1.2246467991473532E-16 -1.4997597826618576E-32 1.836676017326774E-48
0 1
0 2
0 3
0 4
0 5
0 6
0 7
0 8
0 9
0 10
0 11
0 12
0 13
0 14
0 15
0 16
0 17
0 18
0 19
0 20
0 21
0 22
0 23
0 24
0 25
0 26
0 27
0 28
0 29
0 30
0 31
0 32
0 33
0 34
0 35
0 36
0 37
0 38
0 39
0 40
0 41
0 42
0 43
0 44
0 45
0 46
0 47
0 48
0 49
1 2
1 3
1 4
1 5
1 6
1 7
1 8
1 9
1 10
1 11
1 12
1 13
1 14
1 15
1 16
1 17
1 18
1 19
1 20
1 21
1 22
1 23
1 24
1 25
1 26
1 27
1 28
1 29
1 30
1 31
1 32
1 33
1 34
1 35
1 36
1 37
1 38
1 39
1 40
1 41
1 42
1 43
1 44
1 45
1 46
1 47
1 48
1 49
2 3
2 4
2 5
2 6
2 7
2 8
2 9
2 10
2 11
2 12
2 13
2 14
2 15
2 16
2 17
2 18
2 19
2 20
2 21
2 22
2 23
2 24
2 25
2 26
2 27
2 28
2 29
2 30
2 31
2 32
2 33
2 34
2 35
2 36
2 37
2 38
2 39
2 40
2 41
2 42
2 43
2 44
2 45
2 46
2 47
2 48
2 49
3 4
3 5
3 6
3 7
3 8
3 9
3 10
3 11
3 12
3 13
3 14
3 15
3 16
3 17
3 18
3 19
3 20
3 21
3 22
3 23
3 24
3 25
3 26
3 27
3 28
3 29
3 30
3 31
3 32
3 33
3 34
3 35
3 36
3 37
3 38
3 39
3 40
3 41
3 42
3 43
3 44
3 45
3 46
3 47
3 48
3 49
4 5
4 6
4 7
4 8
4 9
4 10
4 11
4 12
4 13
4 14
4 15
4 16
4 17
4 18
4 19
4 20
4 21
4 22
4 23
4 24
4 25
4 26
4 27
4 28
4 29
4 30
4 31
4 32
4 33
4 34
4 35
4 36
4 37
4 38
4 39
4 40
4 41
4 42
4 43
4 44
4 45
4 46
4 47
4 48
4 49
5 6
5 7
5 8
5 9
5 10
5 11
5 12
5 13
5 14
5 15
5 16
5 17
5 18
5 19
5 20
5 21
5 22
5 23
5 24
5 25
5 26
5 27
5 28
5 29
5 30
5 31
5 32
5 33
5 34
5 35
5 36
5 37
5 38
5 39
5 40
5 41
5 42
5 43
5 44
5 45
5 46
5 47
5 48
5 49
6 7
6 8
6 9
6 10
6 11
6 12
6 13
6 14
6 15
6 16
6 17
6 18
6 19
6 20
6 21
6 22
6 23
6 24
6 25
6 26
6 27
6 28
6 29
6 30
6 31
6 32
6 33
6 34
6 35
6 36
6 37
6 38
6 39
6 40
6 41
6 42
6 43
6 44
6 45
6 46
6 47
6 48
6 49
7 8
7 9
7 10
7 11
7 12
7 13
7 14
7 15
7 16
7 17
7 18
7 19
7 20
7 21
7 22
7 23
7 24
7 25
7 26
7 27
7 28
7 29
7 30
7 31
7 32
7 33
7 34
7 35
7 36
7 37
7 38
7 39
7 40
7 41
7 42
7 43
7 44
7 45
7 46
7 47
7 48
7 49
8 9
8 10
8 11
8 12
8 13
8 14
8 15
8 16
8 17
8 18
8 19
8 20
8 21
8 22
8 23
8 24
8 25
8 26
8 27
8 28
8 29
8 30
8 31
8 32
8 33
8 34
8 35
8 36
8 37
8 38
8 39
8 40
8 41
8 42
8 43
8 44
8 45
8 46
8 47
8 48
8 49
9 10
9 11
9 12
9 13
9 14
9 15
9 16
9 17
9 18
9 19
9 20
9 21
9 22
9 23
9 24
9 25
9 26
9 27
9 28
9 29
9 30
9 31
9 32
9 33
9 34
9 35
9 36
9 37
9 38
9 39
9 40
9 41
9 42
9 43
9 44
9 45
9 46
9 47
9 48
9 49
10 11
10 12
10 13
10 14
10 15
10 16
10 17
10 18
10 19
10 20
10 21
10 22
10 23
10 24
10 25
10 26
10 27
10 28
10 29
10 30
10 31
10 32
10 33
10 34
10 35
10 36
10 37
10 38
10 39
10 40
10 41
10 42
10 43
10 44
10 45
10 46
10 47
10 48
10 49
11 12
11 13
11 14
11 15
11 16
11 17
11 18
11 19
11 20
11 21
11 22
11 23
11 24
11 25
11 26
11 27
11 28
11 29
11 30
11 31
11 32
11 33
11 34
11 35
11 36
11 37
11 38
11 39
11 40
11 41
11 42
11 43
11 44
11 45
11 46
11 47
11 48
11 49
12 13
12 14
12 15
12 16
12 17
12 18
12 19
12 20
12 21
12 22
12 23
12 24
12 25
12 26
12 27
12 28
12 29
12 30
12 31
12 32
12 33
12 34
12 35
12 36
12 37
12 38
12 39
12 40
12 41
12 42
12 43
12 44
12 45
12 46
12 47
12 48
12 49
13 14
13 15
13 16
13 17
13 18
13 19
13 20
13 21
13 22
13 23
13 24
13 25
13 26
13 27
13 28
13 29
13 30
13 31
13 32
13 33
13 34
13 35
13 36
13 37
13 38
13 39
13 40
13 41
13 42
13 43
13 44
13 45
13 46
13 47
13 48
13 49
14 15
14 16
14 17
14 18
14 19
14 20
14 21
14 22
14 23
14 24
14 25
14 26
14 27
14 28
14 29
14 30
14 31
14 32
14 33
14 34
14 35
14 36
14 37
14 38
14 39
14 40
14 41
14 42
14 43
14 44
14 45
14 46
14 47
14 48
14 49
15 16
15 17
15 18
15 19
15 20
15 21
15 22
15 23
15 24
15 25
15 26
15 27
15 28
15 29
15 30
15 31
15 32
15 33
15 34
15 35
15 36
15 37
15 38
15 39
15 40
15 41
15 42
15 43
15 44
15 45
15 46
15 47
15 48
15 49
16 17
16 18
16 19
16 20
16 21
16 22
16 23
16 24
16 25
16 26
16 27
16 28
16 29
16 30
16 31
16 32
16 33
16 34
16 35
16 36
16 37
16 38
16 39
16 40
16 41
16 42
16 43
16 44
16 45
16 46
16 47
16 48
16 49
17 18
17 19
17 20
17 21
17 22
17 23
17 24
17 25
17 26
17 27
17 28
17 29
17 30
17 31
17 32
17 33
17 34
17 35
17 36
17 37
17 38
17 39
17 40
17 41
17 42
17 43
17 44
17 45
17 46
17 47
17 48
17 49
18 19
18 20
18 21
18 22
18 23
18 24
18 25
18 26
18 27
18 28
18 29
18 30
18 31
18 32
18 33
18 34
18 35
18 36
18 37
18 38
18 39
18 40
18 41
18 42
18 43
18 44
18 45
18 46
18 47
18 48
18 49
19 20
19 21
19 22
19 23
19 24
19 25
19 26
19 27
19 28
19 29
19 30
19 31
19 32
19 33
19 34
19 35
19 36
19 37
19 38
19 39
19 40
19 41
19 42
19 43
19 44
19 45
19 46
19 47
19 48
19 49
20 21
20 22
20 23
20 24
20 25
20 26
20 27
20 28
20 29
20 30
20 31
20 32
20 33
20 34
20 35
20 36
20 37
20 38
20 39
20 40
20 41
20 42
20 43
20 44
20 45
20 46
20 47
20 48
20 49
21 22
21 23
21 24
21 25
21 26
21 27
21 28
21 29
21 30
21 31
21 32
21 33
21 34
21 35
21 36
21 37
21 38
21 39
21 40
21 41
21 42
21 43
21 44
21 45
21 46
21 47
21 48
21 49
22 23
22 24
22 25
22 26
22 27
22 28
22 29
22 30
22 31
22 32
22 33
22 34
22 35
22 36
22 37
22 38
22 39
22 40
22 41
22 42
22 43
22 44
22 45
22 46
22 47
22 48
22 49
23 24
23 25
23 26
23 27
23 28
23 29
23 30
23 31
23 32
23 33
23 34
23 35
23 36
23 37
23 38
23 39
23 40
23 41
23 42
23 43
23 44
23 45
23 46
23 47
23 48
23 49
24 25
24 26
24 27
24 28
24 29
24 30
24 31
24 32
24 33
24 34
24 35
24 36
24 37
24 38
24 39
24 40
24 41
24 42
24 43
24 44
24 45
24 46
24 47
24 48
24 49
25 26
25 27
25 28
25 29
25 30
25 31
25 32
25 33
25 34
25 35
25 36
25 37
25 38
25 39
25 50
25 51
25 52
25 53
25 54
25 55
25 56
25 57
25 58
25 59
26 27
26 28
26 29
26 30
26 31
26 32
26 33
26 34
26 35
26 36
26 37
26 38
26 39
26 50
26 51
26 52
26 53
26 54
26 55
26 56
26 57
26 58
26 59
27 28
27 29
27 30
27 31
27 32
27 33
27 34
27 35
27 36
27 37
27 38
27 39
27 50
27 51
27 52
27 53
27 54
27 55
27 56
27 57
27 58
27 59
28 29
28 30
28 31
28 32
28 33
28 34
28 35
28 36
28 37
28 38
28 39
28 50
28 51
28 52
28 53
28 54
28 55
28 56
28 57
28 58
28 59
29 30
29 31
29 32
29 33
29 34
29 35
29 36
29 37
29 38
29 39
29 50
29 51
29 52
29 53
29 54
29 55
29 56
29 57
29 58
29 59
30 31
30 32
30 33
30 34
30 35
30 36
30 37
30 40
30 50
30 51
30 52
30 53
30 54
30 55
30 56
30 60
31 32
31 33
31 34
31 35
31 36
31 37
31 38
31 41
31 50
31 51
31 52
31 53
31 54
31 55
31 56
31 57
31 61
32 33
32 34
32 35
32 36
32 37
32 38
32 39
32 42
32 50
32 51
32 52
32 53
32 54
32 56
32 57
32 58
32 62
33 34
33 36
33 37
33 38
33 39
33 43
33 50
33 51
33 52
33 53
33 54
33 57
33 58
33 59
33 63
34 37
34 38
34 39
34 44
34 50
34 51
34 52
34 53
34 54
34 58
34 59
34 64
35 36
35 37
35 40
35 41
35 42
35 45
35 46
35 47
35 48
35 49
35 55
35 60
35 61
35 65
36 37
36 38
36 40
36 41
36 42
36 43
36 45
36 46
36 47
36 48
36 49
36 56
36 60
36 61
36 62
36 66
37 38
37 39
37 40
37 41
37 42
37 43
37 44
37 45
37 46
37 47
37 48
37 49
37 57
37 61
37 62
37 63
37 67
38 39
38 41
38 42
38 43
38 44
38 45
38 46
38 47
38 48
38 49
38 58
38 62
38 63
38 64
38 68
39 42
39 43
39 44
39 45
39 46
39 47
39 48
39 49
39 59
39 63
39 64
39 69
40 41
40 42
40 43
40 44
40 45
40 46
40 47
40 48
40 49
40 60
40 65
40 66
40 70
40 71
40 72
40 73
40 74
41 42
41 43
41 44
41 45
41 46
41 47
41 48
41 49
41 61
41 65
41 66
41 67
41 70
41 71
41 72
41 73
41 74
42 43
42 44
42 45
42 46
42 47
42 48
42 49
42 62
42 66
42 67
42 68
42 70
42 71
42 72
42 73
42 74
43 44
43 45
43 46
43 47
43 48
43 49
43 63
43 67
43 68
43 69
43 70
43 71
43 72
43 73
43 74
44 45
44 46
44 47
44 48
44 49
44 64
44 68
44 69
44 70
44 71
44 72
44 73
44 74
45 46
45 47
45 48
45 49
45 65
45 66
45 67
45 68
45 69
45 70
45 71
45 72
45 73
45 74
46 47
46 48
46 49
46 65
46 66
46 67
46 68
46 69
46 70
46 71
46 72
46 73
46 74
47 48
47 49
47 65
47 66
47 67
47 68
47 69
47 70
47 71
47 72
47 73
47 74
48 49
48 65
48 66
48 67
48 68
48 69
48 70
48 71
48 72
48 73
48 74
49 65
49 66
49 67
49 68
49 69
49 70
49 71
49 72
49 73
49 74
50 51
50 52
50 53
50 54
50 55
50 56
50 57
50 58
50 59
50 75
50 76
50 77
50 78
50 79
50 80
50 81
50 82
50 83
50 84
51 52
51 53
51 54
51 55
51 56
51 57
51 58
51 59
51 75
51 76
51 77
51 78
51 79
51 80
51 81
51 82
51 83
51 84
52 53
52 54
52 55
52 56
52 57
52 58
52 59
52 75
52 76
52 77
52 78
52 79
52 80
52 81
52 82
52 83
52 84
53 54
53 55
53 56
53 57
53 58
53 59
53 75
53 76
53 77
53 78
53 79
53 80
53 81
53 82
53 83
53 84
54 55
54 56
54 57
54 58
54 59
54 75
54 76
54 77
54 78
54 79
54 80
54 81
54 82
54 83
54 84
55 56
55 57
55 60
55 61
55 75
55 76
55 77
55 78
55 79
55 80
55 81
55 85
56 57
56 58
56 60
56 61
56 62
56 75
56 76
56 77
56 78
56 79
56 80
56 81
56 82
56 86
57 58
57 59
57 61
57 62
57 63
57 75
57 76
57 77
57 78
57 79
57 81
57 82
57 83
57 87
58 59
58 62
58 63
58 64
58 75
58 76
58 77
58 78
58 79
58 82
58 83
58 84
58 88
59 63
59 64
59 75
59 76
59 77
59 78
59 79
59 83
59 84
59 89
60 61
60 65
60 66
60 80
60 85
60 86
60 90
61 62
61 65
61 66
61 67
61 81
61 85
61 86
61 87
61 91
62 63
62 66
62 67
62 68
62 82
62 86
62 87
62 88
62 92
63 64
63 67
63 68
63 69
63 83
63 87
63 88
63 89
63 93
64 68
64 69
64 84
64 88
64 89
64 94
65 66
65 67
65 70
65 71
65 72
65 73
65 74
65 85
65 90
65 91
65 95
65 96
65 97
66 67
66 68
66 70
66 71
66 72
66 73
66 74
66 86
66 90
66 91
66 92
66 95
66 96
66 97
66 98
67 68
67 69
67 70
67 71
67 72
67 73
67 74
67 87
67 91
67 92
67 93
67 95
67 96
67 97
67 98
67 99
68 69
68 70
68 71
68 72
68 73
68 74
68 88
68 92
68 93
68 94
68 96
68 97
68 98
68 99
69 70
69 71
69 72
69 73
69 74
69 89
69 93
69 94
69 97
69 98
69 99
70 71
70 72
70 73
70 74
70 90
70 91
70 92
70 93
70 95
70 96
70 97
70 98
70 99
71 72
71 73
71 74
71 90
71 91
71 92
71 93
71 95
71 96
71 97
71 98
71 99
72 73
72 74
72 90
72 91
72 92
72 93
72 94
72 95
72 96
72 97
72 98
72 99
73 74
73 91
73 92
73 93
73 94
73 95
73 96
73 97
73 98
73 99
74 91
74 92
74 93
74 94
74 95
74 96
74 97
74 98
74 99
75 76
75 77
75 78
75 79
75 80
75 81
75 82
75 83
75 84
75 85
75 86
75 87
75 88
75 89
75 100
75 101
75 102
75 103
75 104
75 105
75 106
75 107
75 108
75 109
75 110
75 111
75 112
75 113
75 114
75 115
75 116
75 117
75 118
75 119
75 120
75 121
75 122
75 123
75 124
76 77
76 78
76 79
76 80
76 81
76 82
76 83
76 84
76 85
76 86
76 87
76 88
76 89
76 100
76 101
76 102
76 103
76 104
76 105
76 106
76 107
76 108
76 109
76 110
76 111
76 112
76 113
76 114
76 115
76 116
76 117
76 118
76 119
76 120
76 121
76 122
76 123
76 124
77 78
77 79
77 80
77 81
77 82
77 83
77 84
77 85
77 86
77 87
77 88
77 89
77 100
77 101
77 102
77 103
77 104
77 105
77 106
77 107
77 108
77 109
77 110
77 111
77 112
77 113
77 114
77 115
77 116
77 117
77 118
77 119
77 120
77 121
77 122
77 123
77 124
78 79
78 80
78 81
78 82
78 83
78 84
78 85
78 86
78 87
78 88
78 89
78 100
78 101
78 102
78 103
78 104
78 105
78 106
78 107
78 108
78 109
78 110
78 111
78 112
78 113
78 114
78 115
78 116
78 117
78 118
78 119
78 120
78 121
78 122
78 123
78 124
79 80
79 81
79 82
79 83
79 84
79 85
79 86
79 87
79 88
79 89
79 100
79 101
79 102
79 103
79 104
79 105
79 106
79 107
79 108
79 109
79 110
79 111
79 112
79 113
79 114
79 115
79 116
79 117
79 118
79 119
79 120
79 121
79 122
79 123
79 124
80 81
80 82
80 83
80 84
80 85
80 86
80 87
80 90
80 100
80 101
80 102
80 103
80 104
80 105
80 106
80 107
80 108
80 109
80 110
80 111
80 112
80 113
80 114
80 115
80 116
80 117
80 118
80 119
80 120
80 121
80 122
80 123
80 124
81 82
81 83
81 84
81 85
81 86
81 87
81 88
81 91
81 100
81 101
81 102
81 103
81 104
81 105
81 106
81 107
81 108
81 109
81 110
81 111
81 112
81 113
81 114
81 115
81 116
81 117
81 118
81 119
81 120
81 121
81 122
81 123
81 124
82 83
82 84
82 85
82 86
82 87
82 88
82 89
82 92
82 100
82 101
82 102
82 103
82 104
82 105
82 106
82 107
82 108
82 109
82 110
82 111
82 112
82 113
82 114
82 115
82 116
82 117
82 118
82 119
82 120
82 121
82 122
82 123
82 124
83 84
83 86
83 87
83 88
83 89
83 93
83 100
83 101
83 102
83 103
83 104
83 105
83 106
83 107
83 108
83 109
83 110
83 111
83 112
83 113
83 114
83 115
83 116
83 117
83 118
83 119
83 120
83 121
83 122
83 123
83 124
84 87
84 88
84 89
84 94
84 100
84 101
84 102
84 103
84 104
84 105
84 106
84 107
84 108
84 109
84 110
84 111
84 112
84 113
84 114
84 115
84 116
84 117
84 118
84 119
84 120
84 121
84 122
84 123
84 124
85 86
85 87
85 90
85 91
85 92
85 95
85 96
85 97
85 100
85 101
85 102
85 103
85 104
85 105
85 106
85 107
85 108
85 109
85 110
85 111
85 112
85 113
85 114
85 115
85 116
85 117
85 118
85 119
85 120
85 121
85 122
85 123
85 124
86 87
86 88
86 90
86 91
86 92
86 93
86 95
86 96
86 97
86 98
86 100
86 101
86 102
86 103
86 104
86 105
86 106
86 107
86 108
86 109
86 110
86 111
86 112
86 113
86 114
86 115
86 116
86 117
86 118
86 119
86 120
86 121
86 122
86 123
86 124
87 88
87 89
87 90
87 91
87 92
87 93
87 94
87 95
87 96
87 97
87 98
87 99
87 100
87 101
87 102
87 103
87 104
87 105
87 106
87 107
87 108
87 109
87 110
87 111
87 112
87 113
87 114
87 115
87 116
87 117
87 118
87 119
87 120
87 121
87 122
87 123
87 124
88 89
88 91
88 92
88 93
88 94
88 96
88 97
88 98
88 99
88 100
88 101
88 102
88 103
88 104
88 105
88 106
88 107
88 108
88 109
88 110
88 111
88 112
88 113
88 114
88 115
88 116
88 117
88 118
88 119
88 120
88 121
88 122
88 123
88 124
89 92
89 93
89 94
89 97
89 98
89 99
89 100
89 101
89 102
89 103
89 104
89 105
89 106
89 107
89 108
89 109
89 110
89 111
89 112
89 113
89 114
89 115
89 116
89 117
89 118
89 119
89 120
89 121
89 122
89 123
89 124
90 91
90 92
90 93
90 95
90 96
90 97
90 98
90 99
90 100
90 101
90 102
90 103
90 104
90 105
90 106
90 107
90 108
90 109
90 110
90 111
90 112
90 113
90 114
90 115
90 116
90 117
90 118
90 119
90 120
90 121
90 122
90 123
90 124
91 92
91 93
91 94
91 95
91 96
91 97
91 98
91 99
91 100
91 101
91 102
91 103
91 104
91 105
91 106
91 107
91 108
91 109
91 110
91 111
91 112
91 113
91 114
91 115
91 116
91 117
91 118
91 119
91 120
91 121
91 122
91 123
91 124
92 93
92 94
92 95
92 96
92 97
92 98
92 99
92 100
92 101
92 102
92 103
92 104
92 105
92 106
92 107
92 108
92 109
92 110
92 111
92 112
92 113
92 114
92 115
92 116
92 117
92 118
92 119
92 120
92 121
92 122
92 123
92 124
93 94
93 95
93 96
93 97
93 98
93 99
93 100
93 101
93 102
93 103
93 104
93 105
93 106
93 107
93 108
93 109
93 110
93 111
93 112
93 113
93 114
93 115
93 116
93 117
93 118
93 119
93 120
93 121
93 122
93 123
93 124
94 95
94 96
94 97
94 98
94 99
94 100
94 101
94 102
94 103
94 104
94 105
94 106
94 107
94 108
94 109
94 110
94 111
94 112
94 113
94 114
94 115
94 116
94 117
94 118
94 119
94 120
94 121
94 122
94 123
94 124
95 96
95 97
95 98
95 99
95 100
95 101
95 102
95 103
95 104
95 105
95 106
95 107
95 108
95 109
95 110
95 111
95 112
95 113
95 114
95 115
95 116
95 117
95 118
95 119
95 120
95 121
95 122
95 123
95 124
96 97
96 98
96 99
96 100
96 101
96 102
96 103
96 104
96 105
96 106
96 107
96 108
96 109
96 110
96 111
96 112
96 113
96 114
96 115
96 116
96 117
96 118
96 119
96 120
96 121
96 122
96 123
96 124
97 98
97 99
97 100
97 101
97 102
97 103
97 104
97 105
97 106
97 107
97 108
97 109
97 110
97 111
97 112
97 113
97 114
97 115
97 116
97 117
97 118
97 119
97 120
97 121
97 122
97 123
97 124
98 99
98 100
98 101
98 102
98 103
98 104
98 105
98 106
98 107
98 108
98 109
98 110
98 111
98 112
98 113
98 114
98 115
98 116
98 117
98 118
98 119
98 120
98 121
98 122
98 123
98 124
99 100
99 101
99 102
99 103
99 104
99 105
99 106
99 107
99 108
99 109
99 110
99 111
99 112
99 113
99 114
99 115
99 116
99 117
99 118
99 119
99 120
99 121
99 122
99 123
99 124
100 101
100 102
100 103
100 104
100 105
100 106
100 107
100 108
100 109
100 110
100 111
100 112
100 113
100 114
100 115
100 116
100 117
100 118
100 119
100 120
100 121
100 122
100 123
100 124
101 102
101 103
101 104
101 105
101 106
101 107
101 108
101 109
101 110
101 111
101 112
101 113
101 114
101 115
101 116
101 117
101 118
101 119
101 120
101 121
101 122
101 123
101 124
102 103
102 104
102 105
102 106
102 107
102 108
102 109
102 110
102 111
102 112
102 113
102 114
102 115
102 116
102 117
102 118
102 119
102 120
102 121
102 122
102 123
102 124
103 104
103 105
103 106
103 107
103 108
103 109
103 110
103 111
103 112
103 113
103 114
103 115
103 116
103 117
103 118
103 119
103 120
103 121
103 122
103 123
103 124
104 105
104 106
104 107
104 108
104 109
104 110
104 111
104 112
104 113
104 114
104 115
104 116
104 117
104 118
104 119
104 120
104 121
104 122
104 123
104 124
105 106
105 107
105 108
105 109
105 110
105 111
105 112
105 113
105 114
105 115
105 116
105 117
105 118
105 119
105 120
105 121
105 122
105 123
105 124
106 107
106 108
106 109
106 110
106 111
106 112
106 113
106 114
106 115
106 116
106 117
106 118
106 119
106 120
106 121
106 122
106 123
106 124
107 108
107 109
107 110
107 111
107 112
107 113
107 114
107 115
107 116
107 117
107 118
107 119
107 120
107 121
107 122
107 123
107 124
108 109
108 110
108 111
108 112
108 113
108 114
108 115
108 116
108 117
108 118
108 119
108 120
108 121
108 122
108 123
108 124
109 110
109 111
109 112
109 113
109 114
109 115
109 116
109 117
109 118
109 119
109 120
109 121
109 122
109 123
109 124
110 111
110 112
110 113
110 114
110 115
110 116
110 117
110 118
110 119
110 120
110 121
110 122
110 123
110 124
111 112
111 113
111 114
111 115
111 116
111 117
111 118
111 119
111 120
111 121
111 122
111 123
111 124
112 113
112 114
112 115
112 116
112 117
112 118
112 119
112 120
112 121
112 122
112 123
112 124
113 114
113 115
113 116
113 117
113 118
113 119
113 120
113 121
113 122
113 123
113 124
114 115
114 116
114 117
114 118
114 119
114 120
114 121
114 122
114 123
114 124
115 116
115 117
115 118
115 119
115 120
115 121
115 122
115 123
115 124
116 117
116 118
116 119
116 120
116 121
116 122
116 123
116 124
117 118
117 119
117 120
117 121
117 122
117 123
117 124
118 119
118 120
118 121
118 122
118 123
118 124
119 120
119 121
119 122
119 123
119 124
120 121
120 122
120 123
120 124
121 122
121 123
121 124
122 123
122 124
123 124
