ply
format ascii 1.0
comment Maison 4D générée
element vertices 18
property float x
property float y
property float z
property float w
element edges 41
property int v1
property int v2
end_header
-1.0 -1.0 -1.0 0.0
1.0 -1.0 -1.0 0.0
1.0 1.0 -1.0 0.0
-1.0 1.0 -1.0 0.0
-1.0 -1.0 1.0 0.0
1.0 -1.0 1.0 0.0
1.0 1.0 1.0 0.0
-1.0 1.0 1.0 0.0
0.0 1.5 0.0 0.0
-1.0 -1.0 -1.0 1.0
1.0 -1.0 -1.0 1.0
1.0 1.0 -1.0 1.0
-1.0 1.0 -1.0 1.0
-1.0 -1.0 1.0 1.0
1.0 -1.0 1.0 1.0
1.0 1.0 1.0 1.0
-1.0 1.0 1.0 1.0
0.0 1.5 0.0 1.0
0 1
9 10
1 2
10 11
2 3
11 12
3 0
12 9
4 5
13 14
5 6
14 15
6 7
15 16
7 4
16 13
0 4
9 13
1 5
10 14
2 6
11 15
3 7
12 16
2 8
11 17
3 8
12 17
6 8
15 17
7 8
16 17
0 9
1 10
2 11
3 12
4 13
5 14
6 15
7 16
8 17
